id,predict_0,predict_1,predict_2
11066,0.984508555803,0.0150075000844,0.000483944112802
18000,0.306672171009,0.199984648466,0.493343180525
16964,0.980808735471,0.0160458173513,0.00314544717765
4795,0.747004576967,0.247364614326,0.00563080870735
3392,0.30593792309,0.496339621911,0.197722454998
3795,0.517566981298,0.481066015694,0.00136700300805
2881,0.921830004706,0.0778969781083,0.000273017185318
1903,0.292980023922,0.141031499932,0.565988476146
5245,0.938737588387,0.0603375015466,0.000924910066102
6726,0.942684973291,0.0524435765961,0.00487145011259
1311,0.830635613936,0.169129348628,0.000235037436796
15795,0.391860710156,0.607941605617,0.000197684227132
4315,0.866043708144,0.0864800612756,0.0474762305799
3393,0.401985807723,0.289077457286,0.308936734991
6764,0.779151293159,0.133324515492,0.0875241913487
13039,0.686480224433,0.313315383787,0.000204391779597
12331,0.552419092155,0.155878442864,0.291702464981
14276,0.408253935562,0.410605189846,0.181140874592
14638,0.828248220859,0.171321604827,0.000430174314163
6573,0.973426034295,0.026458430981,0.000115534723591
2222,0.335012788599,0.259695090956,0.405292120445
8824,0.951766184855,0.0480980725838,0.000135742561566
6360,0.931556366671,0.0671455856624,0.00129804766648
7553,0.28916331677,0.181380355796,0.529456327434
13760,0.415947318479,0.494741531425,0.0893111500964
4284,0.728011494205,0.158193341574,0.11379516422
1356,0.905757937575,0.0342334336435,0.0600086287818
3410,0.963343340688,0.0330588763019,0.00359778301036
4830,0.556710081359,0.441464339972,0.00182557866925
8998,0.39417271294,0.60236362603,0.00346366102996
18052,0.972003904684,0.0278381717526,0.000157923563642
7539,0.903019881065,0.0968368130396,0.000143305895795
9529,0.964141202965,0.031522536035,0.00433626099994
3656,0.920443090071,0.0616420554091,0.0179148545197
14238,0.717785517813,0.166577922575,0.115636559612
2682,0.698090449087,0.301767756202,0.000141794711065
7312,0.220483490095,0.727493100026,0.0520234098796
12971,0.7724426875,0.200171362776,0.0273859497239
10735,0.745503783672,0.253838827677,0.000657388650669
4050,0.684309520804,0.301985420561,0.0137050586346
5943,0.925777411619,0.0740605636911,0.00016202468973
6482,0.29073677721,0.708360316314,0.00090290647648
9746,0.323513231701,0.231671667067,0.444815101232
13320,0.285585678205,0.218093457934,0.496320863861
803,0.719253499478,0.263880329346,0.0168661711757
15437,0.772621186616,0.113799993379,0.113578820004
12302,0.973269527602,0.0266063898991,0.000124082498783
12271,0.75196638819,0.247868755635,0.000164856174957
5341,0.981255911495,0.011287483012,0.0074566054932
4427,0.979968266795,0.0199167651361,0.000114968068954
529,0.920774432407,0.0473623274809,0.0318632401121
2022,0.925065262006,0.0742491385184,0.000685599475425
14625,0.972588337405,0.0272882545662,0.000123408028289
2922,0.291424439421,0.504893152446,0.203682408133
16330,0.235922032599,0.285422060411,0.47865590699
12890,0.968825569748,0.0310021032731,0.000172326978983
2140,0.922168280797,0.0776026769561,0.000229042246561
13484,0.513874044603,0.483923727793,0.00220222760329
12392,0.859224983646,0.140587020274,0.000187996080219
2322,0.412975542756,0.15350694482,0.433517512424
567,0.254474979905,0.256241477123,0.489283542972
4436,0.630630098684,0.36921603492,0.000153866396523
12156,0.980522468126,0.0193619320369,0.000115599836762
7508,0.869852909429,0.0719210538646,0.0582260367069
6184,0.842161986964,0.0762384516599,0.0815995613766
12213,0.775787309722,0.11696070412,0.107251986159
6458,0.220365553525,0.333383130519,0.446251315956
13967,0.963967083943,0.035715988578,0.000316927478917
894,0.70135418035,0.190420786382,0.108225033268
7461,0.27314483985,0.396366728842,0.330488431308
8949,0.871307145627,0.128559284581,0.000133569791944
3477,0.298000678442,0.580618998209,0.121380323349
2779,0.983737201638,0.0154643940479,0.000798404314133
13551,0.399396968528,0.492816141995,0.107786889478
8297,0.926094407544,0.0734202631509,0.000485329304846
5050,0.284572496687,0.705869968794,0.00955753451886
10716,0.523883041271,0.475218442796,0.000898515932998
16075,0.778177272747,0.218950677183,0.00287205006986
1366,0.438524660429,0.557331372525,0.00414396704651
774,0.964266041097,0.0355692601769,0.00016469872621
7406,0.545711514777,0.423905389642,0.0303830955812
2526,0.555539012769,0.367147721444,0.0773132657863
9649,0.926438067802,0.0732529671154,0.000308965082381
16115,0.351985739448,0.421393361402,0.22662089915
14749,0.440800241837,0.443520178644,0.115679579519
14952,0.506488368392,0.0577545733954,0.435757058213
4786,0.311386769071,0.157787515991,0.530825714938
16513,0.869545629233,0.130279028665,0.000175342101836
2002,0.982624501167,0.0172044193852,0.000171079447752
4701,0.83127511132,0.131006440044,0.0377184486355
7742,0.68716840345,0.155278640733,0.157552955817
5905,0.741072516504,0.252397125507,0.00653035798878
685,0.871814315619,0.0817193832573,0.0464663011235
11857,0.882673990088,0.117175525423,0.000150484489364
11628,0.327480191173,0.447159420411,0.225360388416
15024,0.93935568488,0.0584551746749,0.00218914044553
4168,0.792178436442,0.141180795864,0.0666407676943
11914,0.666413211845,0.220330397236,0.113256390919
5293,0.942983740517,0.0568396326631,0.000176626820351
3374,0.358074875016,0.641462366706,0.000462758278137
13055,0.964039204912,0.0358289547431,0.000131840344653
17759,0.364187921671,0.498725758625,0.137086319704
590,0.656997883323,0.291803581823,0.0511985348541
1353,0.971076078864,0.0287555403179,0.000168380817607
11938,0.181379290027,0.215665342699,0.602955367274
1018,0.27186465276,0.326427587861,0.40170775938
14945,0.917698418261,0.0821073661356,0.000194215603078
1001,0.931980878547,0.0657309087345,0.00228821271848
3587,0.773013501609,0.164907983275,0.0620785151157
868,0.986203769164,0.013050334027,0.000745896808562
9296,0.277282325921,0.273746416291,0.448971257788
12455,0.862344838245,0.137371246695,0.000283915060169
17132,0.936997982771,0.0589355112681,0.00406650596085
10240,0.982299500015,0.0144375727247,0.00326292725989
3696,0.167681620904,0.2352857266,0.597032652496
10355,0.118283510363,0.881005261317,0.000711228319983
2206,0.472182699395,0.525360880065,0.00245642054039
14590,0.979296172738,0.0201137083943,0.000590118867619
13191,0.610011587714,0.292554872358,0.0974335399281
5882,0.803444982017,0.196364672332,0.000190345650646
12653,0.653441825037,0.346268342112,0.000289832851141
1491,0.40883690233,0.589312933669,0.00185016400117
1176,0.801795454522,0.193726093403,0.00447845207461
11246,0.31823564342,0.219815416787,0.461948939793
14557,0.401507064005,0.353135842429,0.245357093565
4772,0.0985759595848,0.512819027337,0.388605013078
17192,0.694781178109,0.305029059975,0.000189761915854
10637,0.926930113504,0.069928814456,0.00314107203962
3281,0.81025833485,0.18947537441,0.000266290739414
3191,0.603300143153,0.285854778109,0.110845078738
672,0.877790615487,0.122019547092,0.000189837420818
6301,0.876329868447,0.119450066615,0.004220064938
10309,0.976571634676,0.0231388060853,0.000289559238919
1734,0.663525169507,0.33631817968,0.000156650812949
2990,0.455945408532,0.543930711842,0.000123879626082
5746,0.370456316559,0.627293897992,0.00224978544943
15289,0.883439727012,0.112487782766,0.00407249022164
2971,0.969619125112,0.0301887498213,0.000192125067061
9771,0.657236481046,0.150922186399,0.191841332555
11253,0.403377280771,0.572692936676,0.0239297825534
14576,0.307508497962,0.661727908247,0.0307635937915
4688,0.23663399095,0.273755660537,0.489610348513
14469,0.586819617355,0.411432264676,0.00174811796851
9298,0.96729878694,0.0302875566418,0.00241365641845
16099,0.290046827858,0.698652478036,0.0113006941051
17316,0.254448113311,0.473061918266,0.272489968423
15212,0.971004440686,0.0288527313702,0.000142827944157
10691,0.823692095197,0.0780401839994,0.0982677208035
3805,0.974368521626,0.025383111593,0.000248366780628
6418,0.433073124915,0.562995748302,0.00393112678393
1158,0.637508358105,0.361718922471,0.000772719424509
7768,0.985712007655,0.013765976789,0.000522015555835
4834,0.255651037842,0.0907569438183,0.65359201834
10914,0.699584390891,0.300199805703,0.000215803406063
14606,0.733318053548,0.241835533324,0.0248464131278
3220,0.80563662452,0.0533374773453,0.141025898135
10433,0.936263120438,0.0634583302003,0.000278549361568
11251,0.0510803806225,0.0175049911934,0.931414628184
8084,0.691401099558,0.30811271639,0.000486184051589
522,0.870864608407,0.125346106385,0.00378928520755
17299,0.422866015762,0.574543827006,0.00259015723133
15587,0.87294240091,0.0655645086138,0.0614930904758
1563,0.248794918759,0.265873778937,0.485331302304
8252,0.666563042081,0.331901238685,0.00153571923385
17802,0.327497541896,0.202453837055,0.470048621048
2738,0.956932777946,0.0424959398761,0.000571282178272
9896,0.626463098632,0.359101296021,0.0144356053465
14609,0.956383757607,0.0434345536395,0.00018168875314
10463,0.977776736175,0.0205899201061,0.00163334371855
1280,0.626949544226,0.127527934159,0.245522521614
977,0.416948032167,0.403388122025,0.179663845808
979,0.574466995812,0.324080421865,0.101452582322
10908,0.973992434705,0.0258477971319,0.000159768163119
12569,0.344905803015,0.447711552227,0.207382644759
6078,0.311852940417,0.176687684293,0.51145937529
18339,0.975140279938,0.0245221244399,0.000337595622534
13799,0.229966140906,0.609002926595,0.161030932499
7193,0.421686321391,0.174086125901,0.404227552708
8243,0.659831687715,0.333588297096,0.00658001518903
13622,0.982602187103,0.0172824211324,0.000115391764947
5885,0.82262937645,0.177210979966,0.000159643583699
5768,0.741055110758,0.0463246862635,0.212620202979
632,0.714285935627,0.271828975249,0.013885089124
3314,0.970757076081,0.0291159621735,0.000126961745611
3664,0.590567302978,0.40805524321,0.00137745381197
18518,0.84022932222,0.0954529524468,0.0643177253332
7687,0.97675368983,0.0230918275738,0.000154482596237
17889,0.578917129357,0.414437814153,0.00664505649069
12943,0.824610465588,0.103788427501,0.0716011069113
3581,0.92253127902,0.0748332170423,0.00263550393744
13802,0.710872336375,0.288796071445,0.000331592180059
17702,0.293197529261,0.704297172953,0.00250529778562
12342,0.953778603949,0.0460759121337,0.000145483917767
11185,0.980105888833,0.0197792268414,0.000114884325924
15675,0.712288394919,0.284453104003,0.00325850107818
6716,0.665162765298,0.332685568531,0.0021516661708
17790,0.867413130635,0.132296795173,0.000290074191271
17791,0.415228161986,0.27935765145,0.305414186564
6145,0.954613276514,0.0452277842553,0.000158939230853
18237,0.211272061383,0.746279572448,0.0424483661693
10523,0.534879520655,0.434304291254,0.0308161880905
4356,0.595310479834,0.353732543904,0.0509569762625
7482,0.745017174586,0.254663642395,0.000319183018967
5856,0.668585226428,0.228805829648,0.102608943924
5011,0.280339871485,0.249698596112,0.469961532403
15872,0.990573011417,0.00860820790069,0.000818780682345
6609,0.65314337263,0.339609947189,0.00724668018067
995,0.682734704524,0.0593641599656,0.257901135511
4680,0.938233378923,0.0592227530967,0.00254386798006
18327,0.591018981948,0.389646634819,0.0193343832335
8484,0.332319555153,0.665831199582,0.00184924526543
16968,0.509743870628,0.406044652035,0.0842114773373
8305,0.971017704197,0.0288198029602,0.00016249284249
7012,0.890332469204,0.109495847133,0.000171683662418
13465,0.274198669023,0.32664179756,0.399159533417
8375,0.961260572104,0.0386141977928,0.000125230103392
15629,0.257805680898,0.736550287365,0.00564403173761
12296,0.969119794199,0.0306948727252,0.000185333076219
458,0.514331304374,0.113521536591,0.372147159035
18124,0.302161041149,0.231517189665,0.466321769186
4430,0.211451869179,0.391131736901,0.39741639392
14443,0.376296712094,0.509884250845,0.11381903706
15275,0.958456029205,0.0389291256024,0.00261484519288
4470,0.401060744433,0.107805986,0.491133269567
13831,0.937689423897,0.0620846842392,0.000225891863624
7696,0.960708983526,0.0369731062582,0.00231791021585
15172,0.819597420359,0.0706170273579,0.109785552283
16647,0.674514748206,0.2901646449,0.0353206068944
14209,0.744649576716,0.224633278975,0.0307171443087
18121,0.932956849836,0.0668644729378,0.000178677226411
12144,0.582801642118,0.416972352784,0.000226005098012
800,0.865896403947,0.133875836719,0.000227759333607
13200,0.064538068878,0.798867856765,0.136594074357
5724,0.232084462277,0.291692162043,0.47622337568
15722,0.936029510603,0.0540647832964,0.0099057061003
6660,0.8963702524,0.103482930928,0.00014681667236
8394,0.915623287661,0.0841842020428,0.000192510295757
5554,0.615272564699,0.262913990682,0.121813444618
10381,0.963245759626,0.0364563643623,0.000297876011806
15783,0.946869242434,0.0529967346353,0.000134022930683
10907,0.718065455891,0.198040914532,0.0838936295768
11455,0.969333675243,0.0303062023119,0.000360122445097
5992,0.258137497066,0.309056154542,0.432806348392
16564,0.290870214571,0.283839101707,0.425290683722
7933,0.528790249894,0.434650654533,0.0365590955728
16008,0.963268870265,0.036548590444,0.000182539290643
7265,0.310396544247,0.629987401972,0.0596160537811
11095,0.592223293003,0.407575629841,0.000201077156087
2181,0.235499711576,0.325825324959,0.438674963465
8845,0.152912948836,0.844779698343,0.00230735282176
13617,0.464792535374,0.535034313509,0.000173151117012
17228,0.972671314556,0.025871865078,0.00145682036638
16321,0.969027088217,0.0307404392818,0.000232472500851
14851,0.980583670146,0.0146535349958,0.00476279485819
9613,0.969557441387,0.0302817790382,0.000160779574381
3121,0.923099752054,0.0738876401662,0.00301260777993
4840,0.980568161336,0.0188179722276,0.000613866436174
18216,0.390969795165,0.601087230557,0.00794297427835
17113,0.452821455285,0.540674261235,0.00650428347991
4775,0.755762231886,0.0483167532742,0.19592101484
14105,0.981638119768,0.0112871368849,0.00707474334705
4993,0.39551714559,0.574173972031,0.0303088823785
8901,0.786437112434,0.0803344620287,0.133228425538
15443,0.778711334629,0.219033982339,0.00225468303224
435,0.879862108475,0.119917398375,0.000220493150002
4595,0.296733669052,0.577699639131,0.125566691817
14503,0.744955027035,0.254848971784,0.000196001181373
2191,0.423170243021,0.555550489254,0.0212792677254
2163,0.98013685571,0.0194370809844,0.000426063305365
9987,0.972147921268,0.0276899474123,0.000162131319869
16234,0.35236785036,0.240452110409,0.407180039231
3834,0.300803796805,0.284426903293,0.414769299902
13133,0.758161246414,0.241676990206,0.000161763379874
13909,0.302431479628,0.363470968903,0.33409755147
9952,0.773217068704,0.208457525304,0.0183254059917
3666,0.352895567763,0.646893255626,0.000211176610651
6072,0.976049569783,0.0217380745633,0.00221235565331
2936,0.30840753461,0.23234912851,0.45924333688
6497,0.961897838817,0.0315058212383,0.00659633994425
5645,0.873477318632,0.125612973032,0.000909708336495
15476,0.915181458943,0.0725705486846,0.0122479923722
8472,0.993385141255,0.00590585744323,0.00070900130181
15687,0.898227280859,0.10125534182,0.000517377321084
10682,0.897279629129,0.102423451433,0.000296919437262
10772,0.955018117724,0.0448350100539,0.000146872221924
8156,0.275086563592,0.285861211966,0.439052224442
10436,0.779089783089,0.108448233746,0.112461983165
16827,0.97057612862,0.0292559898527,0.000167881527737
12299,0.208951329147,0.324299285202,0.466749385651
9258,0.273576592929,0.31315855017,0.413264856901
4759,0.807736209029,0.192003101352,0.000260689618889
8989,0.694661186647,0.303368035796,0.00197077755637
14823,0.978906992187,0.0209500280522,0.000142979760373
17270,0.462978884937,0.531638182232,0.00538293283113
2005,0.969622833295,0.030084202257,0.000292964448357
15757,0.963038220574,0.0365732061526,0.000388573273556
14476,0.883184799026,0.116531528584,0.000283672390167
17243,0.324290746139,0.437416851283,0.238292402578
3908,0.807966744995,0.189620682348,0.00241257265706
781,0.799387708141,0.102118615398,0.0984936764608
5398,0.516620178652,0.376872619684,0.106507201664
2687,0.563821205197,0.312683363689,0.123495431114
5017,0.789412657759,0.10108087514,0.109506467101
140,0.520492968947,0.464900698222,0.0146063328311
14897,0.86447911878,0.110167299037,0.0253535821833
1487,0.714557817468,0.275178639031,0.010263543501
18371,0.979878496854,0.0199335168619,0.000187986283619
10170,0.762499733581,0.145506634111,0.091993632308
3464,0.933937221936,0.0230457331459,0.043017044918
1535,0.436647658106,0.550967557753,0.0123847841413
1442,0.913904255154,0.0810320743686,0.00506367047719
7249,0.589657866222,0.404719929122,0.00562220465536
17510,0.288680213965,0.693891847354,0.0174279386807
418,0.977982390099,0.021893144795,0.000124465105977
16274,0.229207220467,0.22317597573,0.547616803803
12497,0.297742980274,0.697277021089,0.00497999863643
17309,0.917595859734,0.0331658266739,0.0492383135916
3891,0.652812995497,0.243188605759,0.103998398743
8437,0.954456877128,0.0453166926273,0.000226430244838
9950,0.951653481573,0.0467824126461,0.00156410578062
5316,0.860779887127,0.136515805593,0.00270430728002
12979,0.779449585942,0.22036166814,0.000188745917551
14648,0.639347175833,0.322071966381,0.0385808577865
8194,0.978116611831,0.018880030607,0.00300335756233
10386,0.25989493906,0.313748648251,0.426356412689
12749,0.2661189135,0.338113166971,0.395767919528
16508,0.93536656104,0.0645121614286,0.000121277531183
16386,0.942756697845,0.0570778889712,0.000165413183634
12933,0.660866339573,0.301171523933,0.0379621364941
2830,0.937929935695,0.060196885508,0.00187317879656
11528,0.828521236471,0.171029976416,0.000448787112453
15904,0.972366271825,0.0274648995327,0.00016882864247
16390,0.551044681972,0.421770705628,0.0271846124004
14036,0.971892125021,0.0279475939151,0.000160281063577
17215,0.972983142578,0.0267969158953,0.000219941527091
14404,0.922924300866,0.0769073135725,0.000168385561824
12101,0.21024154799,0.270002993095,0.519755458915
10812,0.131755555845,0.863690337869,0.0045541062864
4374,0.95798777142,0.0417934140525,0.000218814527178
9719,0.327825384437,0.671219985265,0.000954630297736
8520,0.362710114778,0.488234658873,0.149055226349
15621,0.757765974285,0.118464356344,0.123769669371
7173,0.274646691717,0.539452924807,0.185900383476
7544,0.549443910924,0.315575521611,0.134980567465
7253,0.565283486468,0.3696584802,0.0650580333323
16731,0.484406539488,0.471565954774,0.0440275057387
17278,0.440936727322,0.557761279035,0.00130199364328
16327,0.715630111188,0.283973004793,0.000396884019192
15845,0.973637831328,0.0262054361792,0.000156732493114
6750,0.356595445004,0.0938651271775,0.549539427818
7674,0.940168687437,0.0263107668629,0.0335205457002
17416,0.244981244573,0.746274527446,0.00874422798089
9050,0.480725878358,0.348411767916,0.170862353726
8931,0.284303227839,0.55682800958,0.158868762582
13146,0.314960013376,0.274781074902,0.410258911722
11584,0.897139076081,0.102412675135,0.000448248783594
8322,0.918303722107,0.0814800559343,0.000216221958907
16067,0.849887685862,0.109148064347,0.0409642497913
11438,0.964163443455,0.0354164996816,0.000420056863223
677,0.933351640206,0.0644259390682,0.00222242072569
7475,0.709998628267,0.286439861513,0.00356151022022
13400,0.960775766216,0.0384809652619,0.00074326852172
10255,0.930203037569,0.0693724300334,0.000424532397821
17987,0.885570001512,0.113993818954,0.000436179533665
13651,0.257052247444,0.314767039286,0.42818071327
8226,0.957275560578,0.0424052827156,0.000319156706069
7643,0.975290592188,0.0226636216833,0.00204578612881
10318,0.194042525518,0.0493410472579,0.756616427224
12382,0.968734178197,0.0302178610114,0.00104796079196
2912,0.204511465074,0.257491634275,0.537996900651
2254,0.247182315337,0.321288944147,0.431528740516
13110,0.924732756409,0.0280136658025,0.0472535777884
8355,0.268837904276,0.571780432418,0.159381663306
10753,0.831036644573,0.168422893035,0.00054046239223
17974,0.308613595607,0.236934475094,0.4544519293
7588,0.966727416498,0.0329289510868,0.00034363241498
3209,0.791544592644,0.0886642310769,0.119791176279
16325,0.801220889868,0.198472639071,0.000306471060642
12009,0.964872745936,0.0348332796944,0.000293974369432
7141,0.231213034887,0.730359768795,0.0384271963176
7584,0.263254688,0.495831829767,0.240913482232
171,0.680242577324,0.319516066304,0.000241356372579
14412,0.966951998412,0.0322631622872,0.000784839300757
16111,0.743594970484,0.256172325166,0.000232704349806
17959,0.927551126827,0.0722655972574,0.000183275915402
401,0.931516567653,0.0653914013058,0.0030920310417
16571,0.453825405484,0.543169745896,0.0030048486199
3294,0.199983783248,0.770062103337,0.0299541134148
16220,0.410753312325,0.212338834889,0.376907852786
2404,0.96919573167,0.0306438945617,0.000160373768571
11002,0.678713619319,0.321125573332,0.000160807348977
372,0.652126838069,0.249248681162,0.0986244807687
15477,0.779796738321,0.100092306371,0.120110955308
41,0.639607754528,0.360214530759,0.000177714712988
8671,0.966153522531,0.0336875303003,0.000158947169067
8129,0.606197482407,0.124442505732,0.269360011861
14683,0.927430727727,0.0724090461024,0.000160226170554
9873,0.978069846136,0.0218024200451,0.000127733818948
13577,0.960136108483,0.0397343746624,0.000129516855014
16132,0.974263159125,0.0255636144838,0.000173226391361
10100,0.969467065953,0.0302784657721,0.000254468275297
5629,0.49657131816,0.495033119024,0.00839556281613
16618,0.41780072236,0.577384353176,0.00481492446379
16876,0.234164547985,0.368942931498,0.396892520517
16036,0.992350887194,0.00721392905372,0.000435183752233
9322,0.464492802037,0.192105970359,0.343401227604
8549,0.990686542403,0.0090559638516,0.000257493745377
18132,0.971265147218,0.0285659203772,0.000168932404321
13487,0.694799140814,0.293958428458,0.0112424307284
6904,0.709232547227,0.212729019011,0.0780384337615
2799,0.467760958635,0.52917545638,0.00306358498469
9694,0.222129891435,0.326929621153,0.450940487413
4417,0.255308858672,0.742502483252,0.00218865807615
1494,0.782165719871,0.116822860606,0.101011419523
13929,0.254703993872,0.636370812293,0.108925193835
6530,0.331348818915,0.666948831659,0.00170234942599
2483,0.911386888679,0.0447804388874,0.0438326724332
3301,0.703023123555,0.296551190157,0.000425686287661
11323,0.926671662243,0.0730735062205,0.000254831536297
1237,0.628175773976,0.328336238881,0.0434879871431
1747,0.815552472714,0.144814512346,0.0396330149399
2655,0.341475056209,0.635183642207,0.0233413015846
16310,0.580882338159,0.362454170601,0.0566634912392
4173,0.556027205314,0.443778215956,0.000194578729866
17613,0.888553917278,0.111194795498,0.000251287224318
18062,0.988761516152,0.0109952507322,0.000243233115388
4109,0.871450887974,0.128230003688,0.00031910833773
15881,0.965843270404,0.033912637628,0.000244091967805
17020,0.939371043059,0.0604324733468,0.000196483593705
7642,0.710821600129,0.185003827752,0.104174572119
9464,0.956181334861,0.0435603275563,0.000258337582804
22,0.945338290697,0.0545336878338,0.000128021469358
16394,0.769274272143,0.228798870306,0.00192685755069
12854,0.666875023285,0.211623461717,0.121501514998
5073,0.933130103702,0.064016103233,0.00285379306529
2069,0.978707224908,0.0193741537901,0.00191862130218
8545,0.89124571113,0.108600186006,0.000154102864533
10775,0.271735002899,0.697339420948,0.0309255761534
9744,0.917389809586,0.0824234898597,0.000186700554463
17138,0.743314527885,0.0724340724683,0.184251399647
16619,0.978830894011,0.0206870709199,0.00048203506927
195,0.666120051021,0.332048236154,0.00183171282497
10258,0.372536992844,0.626533906866,0.00092910029037
4347,0.747409607484,0.250096029805,0.00249436271185
17587,0.665475155127,0.313358070102,0.0211667747709
3019,0.222666120994,0.773216082177,0.00411779682835
18552,0.969095320912,0.0306329381727,0.00027174091566
13223,0.74015761368,0.258268312371,0.00157407394908
7856,0.968772740899,0.0310696981248,0.000157560975899
9830,0.888758958602,0.110972368772,0.000268672625554
10965,0.719845908444,0.279933104438,0.000220987117507
4677,0.177567218361,0.219719374326,0.602713407313
12176,0.254296063184,0.328026230399,0.417677706418
15210,0.280689141579,0.717114564757,0.00219629366399
3764,0.830945478534,0.168911852097,0.000142669369473
16846,0.303779466114,0.690631312184,0.00558922170229
771,0.354607552238,0.287140800508,0.358251647254
13019,0.27580125318,0.379831164178,0.344367582642
252,0.770453591724,0.217121390677,0.0124250175985
11064,0.643639076815,0.3561720864,0.000188836784472
18221,0.94006492927,0.0595862186517,0.000348852078251
11502,0.594147373322,0.403876457967,0.00197616871156
14392,0.728751761543,0.271094056495,0.000154181961746
9541,0.560813903592,0.263655374985,0.175530721422
3206,0.978302963641,0.0203700727588,0.00132696360025
1994,0.487486808449,0.206998799325,0.305514392227
17294,0.492783949468,0.50215587325,0.00506017728174
344,0.947587841297,0.0523038831601,0.000108275542944
15404,0.97344377558,0.026342558085,0.00021366633514
521,0.801191612959,0.19793602968,0.000872357361337
876,0.983096477513,0.0166623511362,0.000241171351271
7671,0.359334296671,0.639282098211,0.0013836051181
3351,0.974222962312,0.0256157152929,0.000161322395536
11771,0.951381567414,0.048483029273,0.000135403313239
1511,0.258905261632,0.0998098435416,0.641284894826
9265,0.504310114316,0.493540493987,0.00214939169679
7982,0.943224899728,0.0565900473904,0.000185052882137
14175,0.590786784551,0.408603463066,0.000609752382813
10039,0.862737895121,0.105170808241,0.0320912966385
14091,0.531934821282,0.262367743674,0.205697435044
16518,0.983614608007,0.01608652583,0.000298866162937
10022,0.981224171329,0.0179454692089,0.000830359461958
11564,0.719547489913,0.172804384434,0.107648125653
7125,0.817316963857,0.1812346795,0.0014483566421
13985,0.484417880717,0.515369226233,0.000212893050573
16442,0.588086059798,0.411775524834,0.000138415368709
8894,0.967657431677,0.0320358773955,0.000306690927482
12070,0.798776198951,0.173309741094,0.0279140599543
5222,0.669273950487,0.330562945301,0.000163104212219
5035,0.235428561827,0.576203997188,0.188367440985
11720,0.935459717728,0.0644127691041,0.000127513167782
2902,0.878872350175,0.109078961777,0.0120486880482
16663,0.967003494421,0.0322791135072,0.000717392071902
5322,0.395983653448,0.466936988711,0.137079357841
18013,0.383171024321,0.320830303776,0.295998671903
7204,0.946387609938,0.0534496442,0.000162745861516
5241,0.52502187408,0.198032463153,0.276945662767
10289,0.728595256668,0.229162021145,0.0422427221875
2841,0.847700838045,0.149710465151,0.00258869680413
799,0.718175029688,0.281670237139,0.000154733173729
1913,0.179489976122,0.404472358491,0.416037665387
4910,0.437906069501,0.529937527378,0.0321564031215
451,0.189587614643,0.792088241947,0.0183241434101
10840,0.28237095786,0.702093394899,0.0155356472412
15308,0.232017322464,0.532641147257,0.235341530279
10669,0.314712675776,0.380038245941,0.305249078283
9628,0.935215153501,0.0646536243915,0.000131222107536
1010,0.662101614335,0.310834962234,0.0270634234308
11501,0.472749046864,0.17282829942,0.354422653717
12727,0.545853199286,0.453686352967,0.00046044774764
13407,0.989049374681,0.0108075358992,0.000143089419776
11481,0.905804327645,0.0912910836728,0.00290458868212
7183,0.278908451306,0.332208352376,0.388883196318
1066,0.941663281692,0.0581964194458,0.000140298861871
4010,0.938523443851,0.0588850543087,0.0025915018406
13436,0.983961722046,0.0154030660168,0.000635211937684
13848,0.975139157146,0.024700634021,0.000160208833045
15025,0.447670843625,0.540511258637,0.0118178977382
3313,0.29729961622,0.682384644583,0.0203157391977
13580,0.922146082429,0.0775473267237,0.000306590847627
14183,0.908532530114,0.0897016191792,0.00176585070687
11433,0.901115734698,0.0986295230051,0.000254742296486
9442,0.887451769394,0.105915206929,0.00663302367664
15,0.93068463934,0.0691565285454,0.000158832114887
10817,0.977822910508,0.0220537156256,0.000123373866737
330,0.560112171917,0.439709048957,0.000178779126097
17999,0.973970635172,0.0259072612685,0.000122103559312
6883,0.732595816719,0.232216481415,0.0351877018661
7946,0.32293240383,0.676157595119,0.000910001050801
2122,0.912282534435,0.0873825200085,0.000334945556314
16053,0.981663517456,0.017872318517,0.000464164026847
889,0.969224213046,0.0305883090848,0.0001874778688
3521,0.311250617358,0.687147560655,0.00160182198627
18229,0.253571638461,0.270219901471,0.476208460068
11922,0.883798695728,0.116047515344,0.000153788927748
2870,0.960266483901,0.0395997057438,0.000133810355354
4093,0.466252511032,0.356799248986,0.176948239981
283,0.216651853122,0.773856509757,0.00949163712083
10344,0.418203754586,0.581423919146,0.000372326268065
531,0.957609643704,0.0422413114937,0.00014904480276
2710,0.654122438282,0.34560113558,0.00027642613773
8826,0.579851530666,0.411770133139,0.00837833619514
10484,0.956704482464,0.0431356820057,0.000159835530277
12881,0.200100906763,0.0826171058086,0.717281987428
5013,0.452793952131,0.543855504142,0.00335054372697
1189,0.480170821047,0.196471424093,0.32335775486
7899,0.698216162036,0.301653664266,0.000130173698824
12413,0.9694739476,0.0296896946293,0.000836357770529
11046,0.366187986908,0.508574503508,0.125237509584
5834,0.688893620765,0.226837427973,0.0842689512624
14782,0.868567703861,0.116929948449,0.0145023476898
9994,0.687043441167,0.312511973907,0.000444584926717
147,0.271419019178,0.294893707994,0.433687272828
2152,0.986671214807,0.0126208716286,0.000707913564576
3478,0.376853132445,0.426450181182,0.196696686373
8873,0.60137991316,0.268147302977,0.130472783863
5577,0.208750662312,0.333187653965,0.458061683723
12729,0.452483126243,0.228973217494,0.318543656263
11488,0.34699229033,0.65248509935,0.000522610320004
17901,0.571742391963,0.427966531239,0.000291076797974
650,0.741911423638,0.195784675801,0.0623039005612
3127,0.966732436433,0.0330887730772,0.000178790489584
3761,0.352163557491,0.624467664541,0.0233687779673
16587,0.215633671157,0.13727037465,0.647095954193
11773,0.20402982183,0.495644353209,0.300325824961
11000,0.764075948654,0.235591623304,0.000332428041802
10785,0.978557992813,0.0181827158759,0.00325929131079
2280,0.172816389253,0.441619789561,0.385563821186
13306,0.924542879307,0.0747743033121,0.000682817380891
14185,0.969606671054,0.0302729564193,0.000120372526566
18326,0.409206142919,0.530646033088,0.0601478239935
2544,0.961429546706,0.038029284382,0.000541168912071
6979,0.762866720391,0.235321886919,0.00181139269016
50,0.381173379675,0.507494005223,0.111332615103
11525,0.314804420571,0.0432368278572,0.641958751572
13479,0.452069346039,0.31755177329,0.230378880671
8865,0.562174569606,0.435848988095,0.00197644229948
14822,0.604235618929,0.209520746533,0.186243634538
9763,0.945863975475,0.0538517626532,0.000284261871743
2129,0.626343975616,0.373358002424,0.000298021959862
13332,0.975407193373,0.0220669429273,0.00252586370003
7082,0.969262652822,0.0306140110199,0.000123336158271
7783,0.712973608003,0.282835576181,0.00419081581681
7202,0.948958849903,0.0506526191514,0.000388530945875
18223,0.726112387145,0.270504911528,0.00338270132753
6631,0.838201486837,0.0949030852072,0.0668954279559
14666,0.973381305458,0.026506704352,0.000111990190038
4432,0.990995020093,0.00292962799713,0.0060753519096
6566,0.9825827446,0.0166910567129,0.000726198686688
11828,0.395219736458,0.219161593097,0.385618670446
3485,0.37133707893,0.624501365439,0.00416155563161
17499,0.980783444255,0.0189709550065,0.000245600738832
5855,0.336831431866,0.409280474749,0.253888093385
15165,0.987404584177,0.0124540624638,0.000141353358909
4574,0.751946947896,0.175767416953,0.0722856351508
9316,0.263956513793,0.7191487657,0.016894720507
17011,0.962934908354,0.0344505072114,0.00261458443486
12002,0.849817486952,0.149774849685,0.000407663362827
17674,0.933727557051,0.0600940901201,0.00617835282921
232,0.954667313321,0.0451767646985,0.00015592198092
5584,0.554462340789,0.445351790484,0.000185868726562
18310,0.761998776912,0.236058301204,0.00194292188441
5677,0.250676727228,0.224751946287,0.524571326485
18145,0.994549454077,0.00485110217539,0.000599443747421
3086,0.608003034341,0.391816833727,0.000180131931996
15184,0.555017386642,0.197185914669,0.247796698689
16348,0.966503067087,0.0330976549631,0.000399277949648
17675,0.969745270028,0.029959318417,0.000295411554547
3074,0.965084770947,0.0347138317623,0.000201397290228
3355,0.517188266033,0.431948685457,0.0508630485097
9764,0.447201564691,0.547689081844,0.00510935346498
4951,0.644693646003,0.162624020573,0.192682333424
11942,0.953903821542,0.0442839361222,0.0018122423358
3983,0.979633344689,0.0193837443206,0.000982910990367
3344,0.502693285347,0.488025817745,0.00928089690833
8511,0.296723778917,0.293217459003,0.41005876208
14693,0.607352126855,0.39205292052,0.000594952625537
16480,0.80674647577,0.102868424974,0.0903850992559
13782,0.956901407311,0.0426121000216,0.000486492667151
4869,0.868457301814,0.131353700337,0.000188997849107
1459,0.958008312687,0.0416751414707,0.000316545842194
10674,0.295818754193,0.128875411466,0.575305834341
16104,0.985881294854,0.0139753832229,0.000143321923361
16927,0.979436998431,0.0200603812761,0.000502620292948
11812,0.285234682806,0.207041231599,0.507724085595
12488,0.912638658732,0.0819249835157,0.00543635775247
6612,0.914006415308,0.0857995505555,0.000194034136537
10000,0.831884295833,0.167944598875,0.000171105292779
10605,0.969325524586,0.0305270673156,0.000147408098677
18523,0.753245528557,0.246522704921,0.000231766522271
11708,0.983746407047,0.015436463704,0.000817129248572
12948,0.945607271981,0.0531375009834,0.00125522703516
7825,0.943947322853,0.0556308352155,0.000421841931608
14772,0.918728223688,0.0811108564547,0.000160919857537
15734,0.955744911559,0.0426276052563,0.00162748318502
17023,0.284754723598,0.266727150039,0.448518126363
15114,0.638352588294,0.361478233349,0.000169178356823
4467,0.629466619221,0.225888971582,0.144644409197
16520,0.526795986551,0.276220658523,0.196983354926
17367,0.647642502418,0.352196963316,0.000160534265919
4580,0.92987921936,0.0635883452937,0.00653243534593
6154,0.935738498975,0.0639438150412,0.000317685983396
1088,0.729798140525,0.12737151642,0.142830343055
15595,0.795529646178,0.0946847901549,0.109785563667
10063,0.675390149994,0.324486570121,0.000123279885337
7395,0.879370452545,0.11644050563,0.00418904182512
2509,0.569240483022,0.429693367747,0.00106614923099
15619,0.924906475903,0.0749266760941,0.000166848002485
10987,0.418086671997,0.568886605115,0.0130267228879
4564,0.63231118302,0.295856887653,0.0718319293264
17483,0.915807938202,0.0837842817424,0.000407780056011
16410,0.27994130765,0.272234138526,0.447824553825
14723,0.969971638886,0.0283650472922,0.0016633138222
1036,0.694352461902,0.299673866495,0.00597367160339
4405,0.979069307511,0.0207982411475,0.000132451341418
7491,0.573026531582,0.40096696039,0.026006508028
14451,0.340820276987,0.654781909546,0.00439781346721
18335,0.181094152137,0.219294359527,0.599611488336
15069,0.160422584524,0.318586156312,0.520991259164
2328,0.438184215201,0.560258404768,0.00155738003074
17635,0.402192353394,0.0457107915112,0.552096855095
16784,0.972305466146,0.0275275521919,0.000166981662035
230,0.725294038996,0.27434337547,0.000362585534113
8896,0.443337486165,0.554929267073,0.00173324676232
14835,0.341048995757,0.289314558662,0.36963644558
9983,0.548959307928,0.450883006038,0.000157686034343
12133,0.728141138327,0.113871024701,0.157987836972
10893,0.726271149043,0.273403518261,0.000325332695954
10904,0.92712128893,0.0697458571329,0.00313285393759
3087,0.74750870951,0.249921548693,0.00256974179709
1254,0.857034051988,0.142837011523,0.000128936488334
3402,0.227737408197,0.522983640926,0.249278950877
16362,0.330838634205,0.256757564193,0.412403801603
14681,0.975221475461,0.0246031202761,0.000175404262825
16420,0.577104789284,0.38730608736,0.0355891233564
1559,0.961349399351,0.0385010917419,0.000149508906857
8700,0.965053819803,0.0347860736763,0.000160106520447
15452,0.883936298447,0.112008561001,0.00405514055128
13565,0.860442173999,0.13935622823,0.000201597770234
628,0.745634807963,0.0739036668243,0.180461525213
5344,0.270634450995,0.491753171705,0.2376123773
15163,0.98913955047,0.00752098098656,0.00333946854343
10766,0.867989425118,0.0407428708193,0.0912677040626
16380,0.711636053057,0.189571426443,0.0987925205006
7770,0.989945536072,0.00381735927205,0.00623710465583
5412,0.878440221199,0.117349352667,0.0042104261332
12885,0.876580094069,0.0479509376,0.0754689683314
11332,0.974693130987,0.0251829787981,0.000123890215318
17718,0.278555347433,0.684011113322,0.0374335392443
2780,0.977305944709,0.022489499472,0.000204555819218
7411,0.819402303434,0.180098835801,0.000498860765274
4038,0.911375419355,0.085718368605,0.00290621204036
219,0.560091512908,0.309123921884,0.130784565208
382,0.895621353021,0.104184171805,0.000194475173394
5134,0.214772552749,0.704433657221,0.0807937900304
8782,0.224854806224,0.426185269599,0.348959924177
13297,0.83543755516,0.155035616735,0.00952682810448
5655,0.26489527636,0.317059973858,0.418044749783
12,0.898755922609,0.0968894940431,0.00435458334755
18437,0.943557999988,0.056275851584,0.000166148428268
15061,0.5406002723,0.459148954927,0.00025077277264
17179,0.306177102531,0.23261474949,0.461208147979
15394,0.642754385485,0.168303831974,0.188941782541
13302,0.986221182671,0.0099079877639,0.00387082956541
16908,0.947133947997,0.0522966567746,0.000569395228041
11829,0.968959264749,0.0307866519293,0.000254083321346
18236,0.402521508599,0.433906887641,0.16357160376
14617,0.728565266883,0.269693427357,0.00174130575985
1837,0.95519552973,0.0442152592581,0.000589211011683
13734,0.190277651276,0.358856089073,0.450866259651
14894,0.861920250266,0.130099939062,0.00797981067191
12703,0.917106968146,0.0825717784725,0.000321253381784
17190,0.540584142062,0.428616879515,0.0307989784227
14704,0.245260869458,0.316101859919,0.438637270623
11412,0.941671128234,0.0581124950919,0.000216376674481
8880,0.224310260675,0.392647655915,0.38304208341
10855,0.260227513533,0.359626672941,0.380145813526
2636,0.278856040201,0.272456547955,0.448687411844
15890,0.836877646218,0.137476895167,0.0256454586151
11288,0.923457187699,0.0764156759511,0.000127136350226
2037,0.686120857683,0.313634524927,0.000244617390647
13921,0.953298467837,0.0465276681334,0.000173864029271
5640,0.85494342213,0.140362832774,0.0046937450961
11354,0.634267091184,0.333910434187,0.031822474629
17161,0.655752332205,0.264449787713,0.0797978800826
14317,0.933705487669,0.0661360568391,0.000158455491489
13513,0.42433301868,0.220433015536,0.355233965784
18208,0.425427272061,0.35184500394,0.222727723998
2020,0.96441247552,0.0349960655863,0.00059145889425
4801,0.333549961223,0.663589607585,0.00286043119229
12728,0.970751541328,0.0291212083375,0.000127250334449
9614,0.550227587201,0.446645502587,0.00312691021277
1259,0.209378285342,0.219823238284,0.570798476374
9799,0.54422603315,0.455615533381,0.000158433468759
595,0.260458951495,0.233039719471,0.506501329035
13916,0.767465590599,0.232265754724,0.000268654676792
2072,0.146076273466,0.342200955802,0.511722770732
3373,0.956860723005,0.042963290855,0.000175986139717
9684,0.923676334968,0.0761255924083,0.000198072624184
9159,0.173808451093,0.237969299946,0.588222248961
13478,0.307671531238,0.691022240853,0.00130622790815
14729,0.989944937502,0.00390554528507,0.00614951721343
10918,0.98042923362,0.019060096652,0.000510669727895
11611,0.773023174641,0.169768649292,0.0572081760675
17819,0.79061889139,0.20158629254,0.00779481606992
17274,0.292942863998,0.499926217269,0.207130918733
253,0.219608730568,0.205801530753,0.57458973868
10504,0.817648305206,0.131746489895,0.0506052048996
13012,0.531721658168,0.436144573665,0.0321337681668
15828,0.977053023388,0.0228235788711,0.000123397740572
18056,0.979561784272,0.019652597698,0.000785618029759
11009,0.883669252394,0.116004723732,0.000326023873334
13653,0.856959917348,0.142851499434,0.000188583217884
8329,0.555008083229,0.118043927528,0.326947989243
156,0.829238313568,0.168326953715,0.00243473271729
18014,0.942142733165,0.0574775716528,0.000379695181802
2014,0.382608546649,0.408056822871,0.209334630481
1122,0.791495887995,0.195782363297,0.012721748708
17329,0.231789861217,0.760280023524,0.00793011525897
2877,0.923914028991,0.0733558549092,0.00273011609988
10125,0.827160824712,0.130040363138,0.0427988121507
5972,0.920070569252,0.0258001214308,0.0541293093171
4957,0.814358016811,0.18308916367,0.00255281951833
8501,0.37666939232,0.425839906073,0.197490701606
18417,0.278649938091,0.418039239807,0.303310822102
