id,predict_0,predict_1,predict_2
11066,0.953411140076,0.0460349294273,0.000553930497151
18000,0.587365188672,0.223065525344,0.189569285984
16964,0.708613194295,0.197880663473,0.0935061422319
4795,0.327256854334,0.545065423324,0.127677722342
3392,0.150096227358,0.469622338601,0.380281434041
3795,0.976842338919,0.0211716628846,0.00198599819654
2881,0.913682734655,0.0857685270895,0.00054873825535
1903,0.934780923813,0.0625935272021,0.00262554898448
5245,0.902079246879,0.0961957610654,0.00172499205531
6726,0.950511888082,0.0486062435428,0.000881868375637
1311,0.610737586746,0.383034035318,0.00622837793613
15795,0.226538405273,0.754947234497,0.0185143602299
4315,0.980706417528,0.0182976757778,0.000995906694453
3393,0.163946028154,0.79083479747,0.045219174376
6764,0.967992942575,0.0314847521964,0.000522305228911
13039,0.952652998054,0.040402149828,0.00694485211758
12331,0.972375838569,0.0271216774426,0.000502483988024
14276,0.340354849644,0.658857772513,0.000787377843006
14638,0.716841223304,0.182974151458,0.100184625238
6573,0.113248709983,0.871829794217,0.0149214958008
2222,0.918440486741,0.0806813357157,0.000878177543081
8824,0.971918548499,0.026500579647,0.00158087185443
6360,0.988722846142,0.00981469549646,0.00146245836179
7553,0.184816727994,0.640337004913,0.174846267094
13760,0.557428569736,0.440874992665,0.00169643759875
4284,0.272906433259,0.714746681311,0.0123468854298
1356,0.265418862312,0.215620301678,0.518960836011
3410,0.979392843827,0.0199735060384,0.000633650134434
4830,0.759142984994,0.203302164637,0.0375548503687
8998,0.148246822838,0.14808752479,0.703665652372
18052,0.483417669276,0.460465236436,0.0561170942876
7539,0.18694962489,0.797664472833,0.0153859022771
9529,0.97707772732,0.0223499053963,0.000572367283688
3656,0.837164073207,0.161388739639,0.00144718715415
14238,0.656337242419,0.334948289247,0.00871446833365
2682,0.983559918764,0.0158743625126,0.000565718723783
7312,0.981526822397,0.0177731698736,0.00070000772986
12971,0.129749564823,0.170774094028,0.69947634115
10735,0.241595405757,0.331548747147,0.426855847096
4050,0.478366288267,0.18920314101,0.332430570723
5943,0.982455879655,0.0157854106719,0.00175870967266
6482,0.169741536058,0.741101111424,0.0891573525177
9746,0.910761887798,0.0883369071584,0.000901205043866
13320,0.382487017597,0.615566069136,0.00194691326636
803,0.952304345017,0.0471266528087,0.000569002174223
15437,0.782558076913,0.132508268503,0.0849336545838
12302,0.0903024834912,0.897291493369,0.0124060231393
12271,0.255600064871,0.741498028305,0.00290190682396
5341,0.266482656991,0.272488352068,0.461028990941
4427,0.973865125275,0.0255611252408,0.000573749484237
529,0.963752866168,0.0323238680679,0.00392326576408
2022,0.98844843641,0.0109535279724,0.000598035617767
14625,0.138793211047,0.144428265815,0.716778523138
2922,0.605622856341,0.104949755942,0.289427387717
16330,0.974095633983,0.0252649149048,0.000639451112737
12890,0.989674239338,0.00920240693376,0.00112335372857
2140,0.857495374802,0.14072783056,0.00177679463803
13484,0.974326628129,0.0251070348921,0.000566336978788
12392,0.550755514608,0.44475636567,0.00448811972284
2322,0.784908250585,0.107677835245,0.10741391417
567,0.221836951311,0.777531261099,0.000631787589825
4436,0.974097497088,0.0243549728041,0.00154753010808
12156,0.963269434648,0.0347364362454,0.00199412910695
7508,0.578685887431,0.199748265958,0.221565846611
6184,0.963664738609,0.0346469144243,0.00168834696703
12213,0.987196238184,0.0112906958943,0.00151306592147
6458,0.587337694661,0.225630083831,0.187032221508
13967,0.270668876628,0.72413778854,0.00519333483275
894,0.883947760087,0.114417941366,0.00163429854612
7461,0.972103910154,0.0256074916725,0.00228859817371
8949,0.92152741575,0.0743138948224,0.00415868942778
3477,0.981447001506,0.0180428558605,0.000510142633289
2779,0.273995716089,0.724267033858,0.00173725005307
13551,0.575498141349,0.421982916283,0.00251894236713
8297,0.876224726278,0.0775172948987,0.0462579788232
5050,0.358737676886,0.249804028013,0.391458295101
10716,0.161496054744,0.237173227132,0.601330718124
16075,0.753219506194,0.245342831803,0.00143766200221
1366,0.358545007173,0.627095645317,0.0143593475106
774,0.208450542488,0.789862910574,0.00168654693866
7406,0.609096495677,0.317619887754,0.0732836165689
2526,0.750784639768,0.247662836113,0.00155252411899
9649,0.312401094516,0.0476147674718,0.639984138013
16115,0.346417628523,0.245204691955,0.408377679523
14749,0.121974823806,0.877156926202,0.000868249991746
14952,0.213271386095,0.78309199811,0.00363661579523
4786,0.814243915982,0.107261993895,0.0784940901222
16513,0.665086905194,0.184170038782,0.150743056024
2002,0.915071394628,0.0838866127641,0.00104199260832
4701,0.783469214939,0.213945131143,0.00258565391757
7742,0.565790550204,0.423992181323,0.0102172684723
5905,0.156566188025,0.281496130217,0.561937681759
685,0.783527716806,0.214639877246,0.0018324059478
11857,0.811516983879,0.186376343422,0.00210667269839
11628,0.977417378342,0.021543600585,0.00103902107325
15024,0.782427181327,0.155818600304,0.0617542183687
4168,0.943434484799,0.0559599914437,0.000605523757682
11914,0.979806185722,0.0195774862165,0.000616328061661
5293,0.132348336373,0.11376486635,0.753886797277
3374,0.392510110387,0.606230179611,0.00125971000179
13055,0.183559874953,0.486449548899,0.329990576148
17759,0.610162103704,0.385707793737,0.00413010255834
590,0.129475950786,0.685974606364,0.18454944285
1353,0.983611363607,0.0157249034629,0.000663732929662
11938,0.129541076877,0.200886145934,0.669572777189
1018,0.961233231784,0.0370663509656,0.00170041725007
14945,0.23639429067,0.0986904603284,0.664915249002
1001,0.326570241322,0.637002301316,0.0364274573616
3587,0.878124290304,0.12101543343,0.000860276265458
868,0.962722215219,0.012326625935,0.0249511588457
9296,0.890147913305,0.0858323008346,0.0240197858606
12455,0.364471486472,0.624063266006,0.0114652475218
17132,0.217275413777,0.7808852092,0.00183937702285
10240,0.957733793523,0.0409483395281,0.00131786694917
3696,0.634873151823,0.363469589924,0.00165725825283
10355,0.986515190433,0.0127748252046,0.000709984362378
2206,0.912803124354,0.0858320313377,0.00136484430839
14590,0.990948099017,0.00819123384601,0.00086066713681
13191,0.284702436637,0.685611586153,0.02968597721
5882,0.950901089342,0.0196150191893,0.0294838914692
12653,0.933824657835,0.0652070615631,0.000968280601991
1491,0.184904028415,0.775930990015,0.0391649815704
1176,0.859260173165,0.139958505532,0.000781321303261
11246,0.125674030988,0.375870331361,0.498455637651
14557,0.945275530259,0.0149344416651,0.0397900280756
4772,0.923577250935,0.0731328221519,0.00328992691312
17192,0.370602023441,0.132195689861,0.497202286698
10637,0.274162438878,0.722782085292,0.00305547582936
3281,0.187273760244,0.80170476801,0.0110214717462
3191,0.551400133773,0.345664158471,0.102935707756
672,0.225605964934,0.748248979462,0.0261450556035
6301,0.206089715675,0.687328233199,0.106582051126
10309,0.128857576672,0.749664112345,0.121478310982
1734,0.974736897306,0.0235550314804,0.00170807121338
2990,0.218505869409,0.697506435735,0.083987694856
5746,0.121271532785,0.127164422318,0.751564044896
15289,0.683779593013,0.314558358739,0.00166204824811
2971,0.944436649811,0.0549245198509,0.000638830337673
9771,0.931478934415,0.0671116762016,0.00140938938301
11253,0.979067016455,0.0202895508697,0.000643432675755
14576,0.946216243759,0.053153627811,0.00063012843046
4688,0.985294764464,0.0132859116491,0.00141932388697
14469,0.61270792224,0.300452369026,0.0868397087339
9298,0.944884232138,0.0545779213878,0.000537846474143
16099,0.838551574637,0.159032783229,0.00241564213416
17316,0.266282260958,0.732786460791,0.000931278251008
15212,0.548197649775,0.449060444911,0.00274190531455
10691,0.645599801483,0.352570130497,0.00183006801985
3805,0.847503722936,0.115746436276,0.0367498407878
6418,0.865334939719,0.128448309507,0.00621675077487
1158,0.129782443026,0.129315301765,0.740902255208
7768,0.920600243105,0.0365928976894,0.0428068592058
4834,0.881168612014,0.117467255627,0.0013641323595
10914,0.89526615108,0.0818243729366,0.0229094759836
14606,0.131890246508,0.78949479468,0.0786149588118
3220,0.0501431353077,0.117698507096,0.832158357596
10433,0.257142516747,0.619031489563,0.12382599369
11251,0.859972218158,0.121406337085,0.018621444757
8084,0.590811028966,0.375071708035,0.0341172629988
522,0.988382042211,0.0110166915827,0.000601266205884
17299,0.988615742933,0.0106858782215,0.000698378845675
15587,0.974755479229,0.024347509232,0.000897011539419
1563,0.916920564934,0.0804739806103,0.00260545445582
8252,0.984577607987,0.0143016694328,0.0011207225798
17802,0.805478431604,0.192647658415,0.00187390998144
2738,0.774829861522,0.186361778193,0.0388083602852
9896,0.116087884688,0.87787087798,0.00604123733146
14609,0.410945928763,0.587831320118,0.00122275111856
10463,0.972575657858,0.0260234667764,0.00140087536596
1280,0.302995099735,0.694370948139,0.0026339521263
977,0.931368609662,0.0579511856634,0.0106802046744
979,0.986066786144,0.0132118062547,0.000721407601196
10908,0.563049502768,0.0453573833679,0.391593113864
12569,0.239221296307,0.610578836938,0.150199866755
6078,0.717395651426,0.217816114196,0.0647882343776
18339,0.936382144685,0.0572926003466,0.00632525496879
13799,0.989017956141,0.00999687195427,0.00098517190489
7193,0.785760302468,0.213290309151,0.000949388381057
8243,0.420434066737,0.576509419911,0.00305651335133
13622,0.131282105477,0.737866716961,0.130851177562
5885,0.60956331922,0.299576935779,0.0908597450018
5768,0.694048040991,0.256064240643,0.0498877183664
632,0.3009330876,0.490327853958,0.208739058442
3314,0.334458618328,0.657714945783,0.00782643588922
3664,0.336791298094,0.322040696978,0.341168004928
18518,0.977787154437,0.0216821658437,0.000530679719248
7687,0.960358311804,0.0328626666813,0.00677902151493
17889,0.977147176817,0.0222355499298,0.000617273253082
12943,0.163199882192,0.701359322639,0.135440795169
3581,0.975281672156,0.0234347318185,0.00128359602547
13802,0.234231061024,0.12449882223,0.641270116746
17702,0.651499529255,0.347218373162,0.00128209758373
12342,0.733462667859,0.216906751755,0.0496305803868
11185,0.253982916171,0.350492958043,0.395524125786
15675,0.668962601437,0.329669214263,0.00136818430035
6716,0.956462922141,0.0428941570438,0.000642920815256
17790,0.992595456532,0.00597741933883,0.00142712412897
17791,0.470767232081,0.52383193233,0.00540083558926
6145,0.525211246696,0.473500846322,0.00128790698133
18237,0.490780407177,0.491887372473,0.0173322203507
10523,0.341986559596,0.651920871933,0.00609256847045
4356,0.213425312072,0.180136206192,0.606438481736
7482,0.413523196466,0.0395467952769,0.546930008257
5856,0.977508356471,0.0219430764523,0.000548567076723
5011,0.981733720002,0.0176011132748,0.000665166723393
15872,0.484938524294,0.429411903652,0.0856495720546
6609,0.912914701421,0.0856657271109,0.00141957146835
995,0.64864483186,0.350478088254,0.000877079886778
4680,0.979766453311,0.0192685184193,0.000965028270149
18327,0.978619007044,0.0205616170342,0.000819375922106
8484,0.352246851371,0.647198292759,0.000554855869427
16968,0.801815727654,0.195305814237,0.00287845810888
8305,0.665456367315,0.18581293705,0.148730695635
7012,0.780199454702,0.218354514097,0.00144603120179
13465,0.523735650431,0.4015225507,0.0747417988689
8375,0.947883343711,0.0259274741896,0.0261891820989
15629,0.737834404956,0.254707065875,0.00745852916877
12296,0.384470395349,0.591523045559,0.0240065590923
458,0.823641372929,0.175075055722,0.00128357134827
18124,0.727875168646,0.172178876193,0.0999459551617
4430,0.465055617007,0.533296996597,0.00164738639595
14443,0.724887022608,0.221663960448,0.0534490169441
15275,0.906983929611,0.0924825770504,0.000533493338361
4470,0.541431044579,0.13408717245,0.324481782971
13831,0.250831333571,0.16936437909,0.579804287339
7696,0.15833821293,0.745817368677,0.0958444183924
15172,0.969590839932,0.0299160177133,0.000493142354984
16647,0.946329736597,0.0530484583326,0.000621805070748
14209,0.789614603263,0.208732747162,0.00165264957489
18121,0.887982960663,0.111390534531,0.000626504806417
12144,0.260166230976,0.144468249885,0.59536551914
800,0.985963576629,0.0134990223543,0.000537401016927
13200,0.792371102044,0.116932082853,0.0906968151034
5724,0.938802161768,0.0603456905714,0.000852147660953
15722,0.308525510733,0.643369414332,0.048105074935
6660,0.64440856487,0.303706565019,0.051884870111
8394,0.342755670527,0.394014744314,0.263229585159
5554,0.165462949768,0.152234154699,0.682302895532
10381,0.474138255019,0.523113718608,0.002748026373
15783,0.344862155967,0.555514409441,0.0996234345922
10907,0.920302872149,0.0695543659423,0.0101427619084
11455,0.740157675695,0.208308661341,0.0515336629632
5992,0.935391771942,0.0634132953203,0.00119493273787
16564,0.947366207299,0.0515331554772,0.00110063722343
7933,0.462817839975,0.535066192426,0.0021159675996
16008,0.56504339121,0.432682781718,0.00227382707196
7265,0.150291134791,0.7914077541,0.0583011111094
11095,0.272728682959,0.469038302523,0.258233014519
2181,0.986176277609,0.0133315368653,0.000492185525282
8845,0.284489150995,0.4745493772,0.240961471805
13617,0.82610929573,0.172758693389,0.00113201088123
17228,0.943313073531,0.0405371642356,0.0161497622333
16321,0.952846016983,0.0466297006876,0.00052428232956
14851,0.86189780579,0.137495735633,0.000606458577004
9613,0.985181453722,0.0139567930914,0.000861753186561
3121,0.577500899593,0.419217205266,0.00328189514124
4840,0.768217229557,0.229760627003,0.00202214343952
18216,0.744302851054,0.253696654448,0.00200049449854
17113,0.941103069654,0.0570202542434,0.00187667610287
4775,0.936732514398,0.0626609052747,0.000606580326921
14105,0.965217792717,0.0339542962521,0.000827911030466
4993,0.941342839551,0.057913350971,0.000743809478449
8901,0.0970244242306,0.1701678509,0.732807724869
15443,0.425567195531,0.569502351885,0.00493045258362
435,0.970388130986,0.0290464855557,0.000565383458085
4595,0.397938401341,0.557967048731,0.0440945499277
14503,0.258053381388,0.167041915726,0.574904702886
2191,0.177102707933,0.81402431534,0.00887297672691
2163,0.694914129821,0.111408559116,0.193677311063
9987,0.756420378812,0.242133211277,0.00144640991114
16234,0.156411706181,0.147715170481,0.695873123338
3834,0.696358659366,0.109931596368,0.193709744266
13133,0.977929058024,0.0215141542667,0.000556787709207
13909,0.282168005658,0.228195803629,0.489636190713
9952,0.31504130712,0.623862868136,0.0610958247438
3666,0.536323326683,0.462545604483,0.00113106883421
6072,0.626003848999,0.288053074634,0.0859430763665
2936,0.276302604214,0.197928887446,0.52576850834
6497,0.592436507408,0.406697123188,0.000866369404871
5645,0.971454441375,0.0265862776162,0.00195928100827
15476,0.169042586712,0.137039034062,0.693918379226
8472,0.790324706574,0.157931439328,0.051743854098
15687,0.193835135226,0.447706893599,0.358457971176
10682,0.133620521092,0.229382377498,0.63699710141
10772,0.370948960956,0.347912088508,0.281138950536
8156,0.935049372778,0.0527570828919,0.0121935443304
10436,0.442026079397,0.556479015197,0.00149490540679
16827,0.987641866656,0.0114652853591,0.000892847985128
12299,0.980641442448,0.0188357778454,0.000522779707057
9258,0.923116147415,0.0757140531166,0.00116979946885
4759,0.960822611358,0.0309143670994,0.00826302154304
8989,0.298344217586,0.696575513268,0.0050802691465
14823,0.987036056989,0.0122376619375,0.000726281073771
17270,0.908631459066,0.0902801339862,0.00108840694809
2005,0.955480097718,0.0439939823719,0.000525919909733
15757,0.568949406071,0.429700183424,0.00135041050495
14476,0.289993617905,0.345693549573,0.364312832522
17243,0.561786645435,0.4370970955,0.00111625906459
3908,0.883287781039,0.115493313634,0.00121890532792
781,0.251855847007,0.493240745391,0.254903407602
5398,0.872112169569,0.126737170512,0.00115065991902
2687,0.345749265975,0.210927037603,0.443323696422
5017,0.833745278956,0.164730191478,0.00152452956609
140,0.934659201676,0.063566068646,0.00177472967752
14897,0.252753445728,0.463085323552,0.284161230719
1487,0.950174484622,0.0491523524494,0.000673162928554
18371,0.527134606016,0.464068621274,0.00879677271027
10170,0.498289043272,0.362260623061,0.139450333667
3464,0.598443188336,0.270905028159,0.130651783505
1535,0.129989231065,0.663579146447,0.206431622488
1442,0.939745253628,0.0387566991533,0.0214980472187
7249,0.297069455306,0.390440648623,0.312489896071
17510,0.98036407481,0.0190333463249,0.000602578865371
418,0.784305683726,0.214466728753,0.00122758752049
16274,0.438399955616,0.547772056012,0.0138279883715
12497,0.975688730164,0.0237549771348,0.000556292701489
17309,0.309806931555,0.659742402926,0.0304506655187
3891,0.511757080849,0.487184871865,0.00105804728564
8437,0.426620528006,0.221816931372,0.351562540622
9950,0.979412090912,0.0187876077817,0.00180030130682
5316,0.0503344768245,0.941665899936,0.00799962323902
12979,0.728112804633,0.262198578262,0.00968861710528
14648,0.162666529874,0.834464314428,0.00286915569797
8194,0.932908073325,0.0659766341817,0.00111529249315
10386,0.24068397303,0.758699623122,0.000616403848818
12749,0.976760982541,0.0223487720802,0.000890245378515
16508,0.101685998989,0.862541878119,0.0357721228928
16386,0.804690575781,0.0463140262713,0.148995397948
12933,0.924813702785,0.0745519708114,0.000634326403923
2830,0.986565318565,0.0126323256194,0.000802355815603
11528,0.772671936234,0.0441469515337,0.183181112233
15904,0.987720996083,0.0117677182049,0.000511285711899
16390,0.280754548442,0.201267152789,0.517978298769
14036,0.852920896656,0.145823950889,0.00125515245516
17215,0.625582113167,0.100474148086,0.273943738748
14404,0.119224347117,0.179022648556,0.701753004326
12101,0.215989712477,0.153924596408,0.630085691115
10812,0.180231330368,0.806931564472,0.0128371051593
4374,0.555864982235,0.36254798822,0.081587029545
9719,0.883943982496,0.11515556357,0.000900453933534
8520,0.369757132166,0.629352845459,0.000890022375
15621,0.970955858799,0.0257185497248,0.00332559147599
7173,0.926979866175,0.0714040386026,0.00161609522249
7544,0.963805330355,0.0209590566583,0.0152356129867
7253,0.98361772429,0.0156684313594,0.000713844350397
16731,0.240405669494,0.272924077747,0.486670252759
17278,0.389181112544,0.356502299771,0.254316587685
16327,0.964382924676,0.0333266147769,0.00229046054665
15845,0.225935617763,0.183610468454,0.590453913783
6750,0.650779094726,0.189140887166,0.160080018108
7674,0.722241653505,0.244156857137,0.033601489358
17416,0.986433580411,0.0130603788028,0.000506040786541
9050,0.156865319894,0.135540946588,0.707593733519
8931,0.10599698335,0.815178388286,0.0788246283647
13146,0.206416152569,0.295270429614,0.498313417817
11584,0.938849987263,0.0521126235116,0.00903738922497
8322,0.360775575544,0.626789442518,0.0124349819378
16067,0.429208142648,0.569525938975,0.0012659183763
11438,0.980024285276,0.0193643759141,0.000611338810243
677,0.900491772048,0.0860650969924,0.0134431309598
7475,0.189260392373,0.268213636766,0.542525970861
13400,0.948940397113,0.0494477157566,0.00161188713004
10255,0.609378162931,0.38919127809,0.00143055897891
17987,0.416202706164,0.558872945581,0.0249243482553
13651,0.182187890715,0.815098501813,0.00271360747149
8226,0.20777636977,0.79118169325,0.00104193697993
7643,0.979701534335,0.019691763364,0.000606702301429
10318,0.40060283531,0.598649259861,0.000747904829283
12382,0.674970828798,0.117488912423,0.207540258778
2912,0.1131851553,0.871223356128,0.0155914885719
2254,0.299038206061,0.0657735300867,0.635188263853
13110,0.225252558801,0.77245182238,0.00229561881868
8355,0.0827060737875,0.368799202073,0.54849472414
10753,0.809073415031,0.168660737347,0.0222658476228
17974,0.857662271404,0.0426065001146,0.0997312284814
7588,0.193063709225,0.680917122192,0.126019168582
3209,0.253379916016,0.22489814614,0.521721937843
16325,0.839939704304,0.150910065412,0.00915023028385
12009,0.968714378066,0.0304651582903,0.000820463644025
7141,0.574741916853,0.151307203131,0.273950880016
7584,0.767074145544,0.207220179957,0.0257056744994
171,0.577994452866,0.419869609788,0.00213593734563
14412,0.795167038071,0.201378725008,0.00345423692087
16111,0.364711583917,0.0817785223033,0.55350989378
17959,0.934299026329,0.0642994368141,0.00140153685649
401,0.690274526463,0.278807173773,0.0309182997642
16571,0.281611241125,0.227158340086,0.491230418789
3294,0.783052297401,0.215919937907,0.0010277646921
16220,0.203363689119,0.795782298807,0.00085401207363
2404,0.860923480045,0.109262360224,0.0298141597318
11002,0.807184707681,0.132560129913,0.0602551624057
372,0.770018369523,0.21063045268,0.0193511777968
15477,0.596306312212,0.395849622292,0.0078440654959
41,0.165953872147,0.800385809456,0.0336603183967
8671,0.218621779111,0.164465110338,0.616913110552
8129,0.958716016181,0.040183194639,0.00110078917968
14683,0.371306828495,0.620081073639,0.00861209786667
9873,0.450985098231,0.176675481243,0.372339420526
13577,0.565578618586,0.432644751103,0.00177663031039
16132,0.984207841392,0.0152243899635,0.0005677686447
10100,0.924094321743,0.0753126487177,0.000593029539649
5629,0.737655872301,0.26129750099,0.00104662670916
16618,0.986899129566,0.00865661430201,0.00444425613209
16876,0.933454716861,0.065764457643,0.00078082549605
16036,0.939348284112,0.0600601890678,0.000591526820475
9322,0.246079454923,0.280855095873,0.473065449203
8549,0.943030966727,0.054792022144,0.00217701112853
18132,0.145082023624,0.370612167604,0.484305808772
13487,0.262607587955,0.684874636276,0.0525177757683
6904,0.959649620811,0.0386009466306,0.00174943255834
2799,0.903946021065,0.07213441757,0.0239195613652
9694,0.987491603275,0.0115649110599,0.000943485665087
4417,0.992747215478,0.00582438594785,0.00142839857376
1494,0.253944195513,0.193956141488,0.552099662999
13929,0.526851739844,0.326947114686,0.14620114547
6530,0.932049878777,0.0235640883839,0.0443860328389
2483,0.227219165019,0.758875010942,0.013905824039
3301,0.983702645071,0.0156744332107,0.000622921717898
11323,0.452004057108,0.205313470671,0.342682472221
1237,0.201726738314,0.138659359293,0.659613902393
1747,0.342850001912,0.531189303494,0.125960694594
2655,0.758627541734,0.187410920614,0.053961537652
16310,0.878963382386,0.108866142486,0.0121704751278
4173,0.544685352622,0.452655102011,0.00265954536741
17613,0.825230627374,0.17256870488,0.00220066774582
18062,0.498817493363,0.285240835887,0.215941670749
4109,0.672804552401,0.325801065257,0.00139438234137
15881,0.205831838215,0.243315148298,0.550853013487
17020,0.55588760142,0.436829999778,0.00728239880188
7642,0.192577801786,0.221681601915,0.585740596299
9464,0.817262390102,0.0762826411231,0.106454968775
22,0.749472326467,0.190506298757,0.0600213747757
16394,0.865404425487,0.133851200105,0.000744374408232
12854,0.984891953018,0.0144763057152,0.000631741266845
5073,0.807469689194,0.179732774662,0.0127975361441
2069,0.416972259194,0.152592982716,0.43043475809
8545,0.585833609143,0.412527105409,0.00163928544835
10775,0.988914434163,0.0103956399118,0.00068992592511
9744,0.825093969666,0.141459801075,0.0334462292591
17138,0.736487275311,0.211986784455,0.0515259402339
16619,0.587366276449,0.398265389153,0.0143683343976
195,0.21654981429,0.762131770433,0.0213184152772
10258,0.866938279787,0.113194181096,0.0198675391165
4347,0.881590764442,0.117377257323,0.00103197823528
17587,0.69039490369,0.116588496857,0.193016599453
3019,0.270215918694,0.0476395504729,0.682144530834
18552,0.88097581149,0.116539767129,0.00248442138059
13223,0.865338254144,0.103201922156,0.0314598237004
7856,0.8835404079,0.109804977403,0.00665461469644
9830,0.633365214554,0.363483827572,0.00315095787399
10965,0.845285421318,0.123795504464,0.0309190742179
4677,0.621027435307,0.376991937311,0.00198062738201
12176,0.268326313186,0.690074301745,0.0415993850696
15210,0.163095564014,0.725786459809,0.111117976177
3764,0.970448422654,0.0116196388693,0.0179319384762
16846,0.57901785935,0.417890758678,0.00309138197281
771,0.50868970507,0.48975067749,0.00155961743977
13019,0.601580285984,0.250160828951,0.148258885065
252,0.825352158198,0.167886083346,0.00676175845662
11064,0.384313535983,0.5138250454,0.101861418617
18221,0.475866054853,0.512208526174,0.0119254189731
11502,0.243458899851,0.600064926188,0.156476173961
14392,0.700051379237,0.293210735478,0.00673788528524
9541,0.939558257557,0.059802262427,0.000639480015683
3206,0.9835876843,0.0154482421641,0.000964073536182
1994,0.466471067638,0.473452015848,0.0600769165139
17294,0.989179136644,0.00973942984187,0.00108143351457
344,0.170945955538,0.302759034957,0.526295009505
15404,0.193551577534,0.628443767562,0.178004654904
521,0.49069373442,0.438181142393,0.0711251231864
876,0.978302497883,0.0211764466195,0.000521055497232
7671,0.8258556537,0.0828986673195,0.0912456789801
3351,0.402871111591,0.386784948744,0.210343939665
11771,0.984063698802,0.0149675135361,0.000968787661616
1511,0.892968124674,0.057876538561,0.0491553367646
9265,0.186231095464,0.249824308152,0.563944596385
7982,0.714100914334,0.277942237906,0.0079568477601
14175,0.982267555871,0.0172441006489,0.000488343480326
10039,0.985411023633,0.013180133744,0.00140884262273
14091,0.116246051471,0.189433430521,0.694320518009
16518,0.483368887953,0.2185272266,0.298103885447
10022,0.690634692928,0.239769472135,0.0695958349369
11564,0.784028257065,0.215088874483,0.000882868452574
7125,0.14402601943,0.533025132941,0.322948847629
13985,0.719526282184,0.278282905847,0.00219081196908
16442,0.929687648929,0.0697185285044,0.000593822566598
8894,0.943441537532,0.0535838565505,0.0029746059173
12070,0.357035186111,0.174544719136,0.468420094753
5222,0.807707426585,0.177766113729,0.0145264596863
5035,0.846903295908,0.151452824888,0.00164387920383
11720,0.279292436876,0.630999832177,0.0897077309477
2902,0.682124617902,0.146438059906,0.171437322193
16663,0.333927602686,0.521580094006,0.144492303308
5322,0.871067053479,0.127733868556,0.00119907796541
18013,0.690136038545,0.201469793977,0.108394167478
7204,0.949255731898,0.0502157888748,0.000528479227264
5241,0.626429974655,0.361371023867,0.0121990014777
10289,0.938559965419,0.0518383557026,0.00960167887807
2841,0.872904304993,0.0530929463778,0.0740027486291
799,0.892958069493,0.105908816408,0.00113311409833
1913,0.590974054623,0.395492167616,0.0135337777611
4910,0.308114896981,0.689917063459,0.0019680395604
451,0.605072882826,0.0994993287745,0.295427788399
10840,0.958767764832,0.0406558474294,0.000576387738378
15308,0.179111049921,0.702619053767,0.118269896312
10669,0.98801493269,0.0113685059662,0.000616561343505
9628,0.990228170293,0.00886947662066,0.000902353086699
1010,0.308662458154,0.690214152131,0.00112338971527
11501,0.257164435712,0.241122069413,0.501713494875
12727,0.243921379095,0.333566439448,0.422512181458
13407,0.588559091869,0.230129946246,0.181310961884
11481,0.89911811076,0.0996743637349,0.00120752550479
7183,0.899521909573,0.0521891600566,0.0482889303706
1066,0.988250900164,0.0111846871044,0.000564412732025
4010,0.630468479623,0.367315304395,0.0022162159813
13436,0.172307909825,0.284650663734,0.543041426441
13848,0.256466930976,0.725170135541,0.0183629334826
15025,0.983189578812,0.0160594556501,0.000750965537509
3313,0.964461512747,0.0350366983704,0.000501788883111
13580,0.669348547449,0.328754729978,0.00189672257372
14183,0.97739539238,0.0221020787198,0.000502528900442
11433,0.775995932181,0.15943003191,0.0645740359092
9442,0.138017629585,0.858492181878,0.00349018853724
15,0.233368580207,0.765014371866,0.00161704792755
10817,0.530911727675,0.357282945334,0.111805326991
330,0.70209419783,0.216223540591,0.0816822615781
17999,0.945230579183,0.0189592210954,0.0358101997217
6883,0.983234743317,0.0161057766882,0.000659479995168
7946,0.490900517951,0.499858019599,0.00924146244957
2122,0.765279237067,0.233621310352,0.00109945258028
16053,0.989498899439,0.00854910565375,0.00195199490727
889,0.175447790023,0.178376308088,0.646175901889
3521,0.379029601527,0.209056457159,0.411913941313
18229,0.988892018499,0.0101836062182,0.000924375282391
11922,0.107024166747,0.759362474121,0.133613359132
2870,0.788386657153,0.210693558973,0.000919783874505
4093,0.943465358407,0.0268469806045,0.0296876609886
283,0.647911982298,0.347829401644,0.00425861605864
10344,0.275153804967,0.722276202169,0.00256999286459
531,0.975951640218,0.0234916945794,0.000556665202694
2710,0.98319228463,0.0160375830945,0.000770132275056
8826,0.197304387433,0.660550857431,0.142144755136
10484,0.981963580377,0.0175434386439,0.000492980978649
12881,0.789421677758,0.155664826053,0.0549134961882
5013,0.782167994054,0.216224620876,0.00160738506932
1189,0.352434649303,0.646526127993,0.00103922270357
7899,0.968149943801,0.0312665768325,0.000583479366958
12413,0.966580757676,0.0318864945462,0.00153274777819
11046,0.847794269821,0.0992538831674,0.0529518470114
5834,0.166630068256,0.180142603019,0.653227328725
14782,0.486153977074,0.383680813028,0.130165209898
9994,0.549194768992,0.331660665089,0.119144565919
147,0.970967354065,0.0285255100199,0.000507135915213
2152,0.919092128925,0.0678732594117,0.0130346116628
3478,0.946632246895,0.0527685217749,0.000599231330558
8873,0.982545562597,0.0153897726842,0.0020646647187
5577,0.940418857461,0.0581286852435,0.0014524572958
12729,0.952317311454,0.0470524079098,0.000630280636097
11488,0.638553010451,0.360057495382,0.0013894941676
17901,0.0687034897892,0.929707569696,0.00158894051451
650,0.950709849532,0.0475620685574,0.00172808191036
3127,0.831132343109,0.1671977331,0.0016699237908
3761,0.974366197189,0.0251336984539,0.000500104357238
16587,0.0996087403747,0.874764177519,0.0256270821063
11773,0.854518085442,0.144446970593,0.00103494396496
11000,0.144928908049,0.204228603607,0.650842488344
10785,0.977311529182,0.0218497820368,0.000838688780773
2280,0.231741900826,0.408707388896,0.359550710279
13306,0.187026780281,0.350552814487,0.462420405232
14185,0.567246167114,0.43053818565,0.00221564723587
18326,0.506152133906,0.491260318562,0.00258754753153
2544,0.915551399451,0.0832284806177,0.0012201199312
6979,0.98195912804,0.0174730699078,0.000567802051985
50,0.856533544495,0.11789526267,0.0255711928355
11525,0.148438546519,0.157694229685,0.693867223795
13479,0.976919253899,0.0223826689389,0.000698077162342
8865,0.430601344368,0.512459281217,0.0569393744148
14822,0.763119715128,0.233805513902,0.00307477096972
9763,0.333670187538,0.665490649653,0.000839162808294
2129,0.582387424246,0.315646203415,0.10196637234
13332,0.397905346735,0.23680755685,0.365287096415
7082,0.981687875092,0.017737894154,0.000574230754465
7783,0.976500763162,0.0227056376798,0.000793599158547
7202,0.934698462405,0.0644609327334,0.000840604861703
18223,0.430121357195,0.301546337083,0.268332305722
6631,0.994068420872,0.00529210176161,0.000639477366691
14666,0.605889964109,0.392901095862,0.0012089400293
4432,0.784488137199,0.214531893766,0.000979969035264
6566,0.614286287864,0.292514581935,0.0931991302009
11828,0.941584507502,0.0578603772114,0.00055511528664
3485,0.329981018506,0.57291378916,0.0971051923338
17499,0.580319218004,0.356624342379,0.0630564396168
5855,0.761195870239,0.233135721707,0.00566840805417
15165,0.863185792098,0.13053279406,0.00628141384134
4574,0.980574416143,0.0176544531825,0.001771130674
9316,0.984793802894,0.0141394079107,0.00106678919524
17011,0.454661219715,0.508706661153,0.0366321191315
12002,0.206966086975,0.790540714052,0.00249319897276
17674,0.950069072387,0.0489202780579,0.00101064955533
232,0.795761669637,0.193034557197,0.0112037731667
5584,0.938002286657,0.0308882906855,0.0311094226578
18310,0.634621282431,0.0408421286658,0.324536588903
5677,0.964609079439,0.0348713606124,0.000519559948322
18145,0.233671598427,0.725816208238,0.0405121933355
3086,0.414038728304,0.580627981249,0.00533329044609
15184,0.966868396741,0.0317309161398,0.0014006871189
16348,0.17014326192,0.813680724797,0.016176013283
17675,0.933987243652,0.0526859128346,0.0133268435134
3074,0.181844403986,0.816060942677,0.0020946533362
3355,0.733270290849,0.210719405027,0.0560103041236
9764,0.36913124364,0.587617659605,0.0432510967549
4951,0.984454649309,0.0149346362086,0.000610714482633
11942,0.873982458363,0.12493539401,0.00108214762663
3983,0.928282567776,0.0708190246955,0.000898407528573
3344,0.94059160245,0.0587848534003,0.000623544149603
8511,0.871582280867,0.126878624981,0.00153909415232
14693,0.255677703375,0.220283079543,0.524039217082
16480,0.984544284175,0.0127556477141,0.00270006811093
13782,0.888791227027,0.0778036151835,0.0334051577896
4869,0.936178808691,0.0628799582289,0.00094123308033
1459,0.309187439027,0.663828092841,0.0269844681327
10674,0.465736350193,0.519024648805,0.0152390010023
16104,0.626453141425,0.371475179215,0.00207167935989
16927,0.962189053987,0.0254906194274,0.0123203265861
11812,0.499690254311,0.499144203082,0.00116554260712
12488,0.977913199631,0.0213635270449,0.000723273324613
6612,0.852866723048,0.146566027791,0.00056724916089
10000,0.677278894885,0.313327831734,0.00939327338074
10605,0.611131365296,0.387506244107,0.00136239059733
18523,0.431723637997,0.567020369915,0.00125599208761
11708,0.161689277451,0.626292084177,0.212018638372
12948,0.236618494761,0.168245650038,0.595135855201
7825,0.756393018984,0.242667301492,0.000939679523497
14772,0.320593895105,0.675514872232,0.00389123266273
15734,0.948829865954,0.0495110439155,0.00165909013049
17023,0.960463856671,0.0390395264337,0.000496616895629
15114,0.944984551052,0.0279776212808,0.027037827667
4467,0.761794569978,0.230851760103,0.00735366991938
16520,0.964306912677,0.0351460988531,0.00054698846946
17367,0.544064975801,0.367623446961,0.0883115772378
4580,0.905229220897,0.0923097765629,0.00246100254038
6154,0.427989035395,0.570300136512,0.00171082809289
1088,0.778210873936,0.220087278989,0.00170184707493
15595,0.953097266781,0.0406609733589,0.00624175985967
10063,0.230439248258,0.212570362498,0.556990389244
7395,0.24240759394,0.746842980363,0.0107494256978
2509,0.232742854568,0.670613666913,0.0966434785187
15619,0.966062284605,0.0333560098467,0.0005817055481
10987,0.987953992187,0.0115722946197,0.000473713192973
4564,0.114153729641,0.8100184547,0.0758278156588
17483,0.228418006938,0.050227076097,0.721354916965
16410,0.448049684527,0.549803200091,0.00214711538189
14723,0.413770448829,0.585747021999,0.000482529171477
1036,0.96781852812,0.00750094010644,0.0246805317738
4405,0.987558705001,0.0107531109088,0.00168818408969
7491,0.933170645949,0.0640716417606,0.00275771229039
14451,0.200410475101,0.100476630413,0.699112894485
18335,0.993731226949,0.00562958922307,0.000639183827969
15069,0.983426880902,0.015155920565,0.00141719853321
2328,0.827638675296,0.0728276098388,0.099533714865
17635,0.974184907635,0.0252504340677,0.000564658296857
16784,0.632863073774,0.364198648232,0.00293827799387
230,0.706518779214,0.291437557274,0.00204366351252
8896,0.886759221868,0.111973905336,0.00126687279623
14835,0.542742668148,0.321382194501,0.13587513735
9983,0.948778407128,0.0175864614657,0.0336351314061
12133,0.853389032967,0.145700047244,0.000910919789138
10893,0.978505701473,0.0209201788312,0.000574119695716
10904,0.106764345421,0.2282783481,0.664957306479
3087,0.562865349445,0.435349724697,0.00178492585758
1254,0.978624736105,0.0202866071582,0.0010886567368
3402,0.88229895022,0.115889825209,0.0018112245709
16362,0.972790509356,0.0266977324113,0.000511758232303
14681,0.885105007124,0.106987338699,0.00790765417715
16420,0.586925600386,0.258429505489,0.154644894125
1559,0.259800623913,0.733790724461,0.00640865162555
8700,0.473708088973,0.525180559919,0.00111135110878
15452,0.157172879521,0.223816272485,0.619010847994
13565,0.157947862113,0.75626945434,0.0857826835466
628,0.905460305356,0.093038156237,0.00150153840677
5344,0.985294510128,0.0137175275164,0.000987962355393
15163,0.204060743254,0.781230312705,0.0147089440415
10766,0.899677613387,0.0648619871192,0.0354603994942
16380,0.39021337471,0.473821379537,0.135965245753
7770,0.169711329969,0.12904248842,0.701246181612
5412,0.172167653462,0.717008617274,0.110823729263
12885,0.345914499128,0.196837269467,0.457248231405
11332,0.990040294678,0.00896575877405,0.000993946547509
17718,0.538928565147,0.45889308027,0.00217835458262
2780,0.570141199861,0.293333124599,0.136525675541
7411,0.918040965522,0.0808747713353,0.00108426314225
4038,0.653092420965,0.341792882516,0.00511469651983
219,0.708339786543,0.239722543366,0.0519376700907
382,0.984269747322,0.0104560464565,0.00527420622201
5134,0.163361654106,0.396832988004,0.439805357891
8782,0.825839562109,0.172413076645,0.00174736124647
13297,0.42704404561,0.570394547108,0.00256140728165
5655,0.95800587832,0.0175777371682,0.0244163845122
12,0.616983197374,0.380874960454,0.00214184217161
18437,0.990453926772,0.00759257209883,0.00195350112891
15061,0.76357846998,0.19749543024,0.0389260997806
17179,0.555989044313,0.43972600603,0.00428494965652
15394,0.979926683956,0.0193710575402,0.00070225850345
13302,0.918496001093,0.0808361240286,0.000667874877989
16908,0.268269698427,0.642459918525,0.0892703830489
11829,0.290927006066,0.217322057735,0.491750936199
18236,0.897800109242,0.0535888981504,0.048610992608
14617,0.0893624397076,0.663790241118,0.246847319175
1837,0.734823701337,0.262048402353,0.0031278963095
13734,0.816137125535,0.179203792626,0.0046590818394
14894,0.413158855908,0.0413418620755,0.545499282017
12703,0.977612649869,0.0218515231513,0.000535826979563
17190,0.982238614108,0.017236806075,0.000524579816863
14704,0.914416407957,0.0844685453828,0.00111504666015
11412,0.258200687532,0.735881010065,0.00591830240334
8880,0.982419561008,0.0170732891097,0.000507149882456
10855,0.856087515805,0.142556491945,0.00135599224965
2636,0.707667470953,0.237413679696,0.0549188493503
15890,0.953297671467,0.0183529322789,0.0283493962542
11288,0.978442565126,0.0209838596953,0.000573575179037
2037,0.468168098115,0.199358424175,0.33247347771
13921,0.44183881127,0.288690695939,0.269470492791
5640,0.114192303834,0.279551114667,0.606256581499
11354,0.242262363026,0.719577349677,0.0381602872975
17161,0.474458636118,0.143831879257,0.381709484625
14317,0.984641952587,0.0142114187323,0.00114662868098
13513,0.419300702081,0.580224126575,0.000475171344242
18208,0.858796522595,0.0958355907479,0.0453678866566
2020,0.37138306131,0.215090330886,0.413526607804
4801,0.967281234839,0.0322325620387,0.00048620312207
12728,0.723636449606,0.209266181677,0.0670973687166
9614,0.337493024723,0.502092878323,0.160414096955
1259,0.983455865994,0.0160368343567,0.000507299648858
9799,0.409441700922,0.251196084624,0.339362214453
595,0.984900798089,0.0145385971106,0.000560604800314
13916,0.943623583597,0.0557329082959,0.00064350810701
2072,0.325774284967,0.669919396262,0.004306318771
3373,0.209370949679,0.753019249294,0.0376098010277
9684,0.974998394889,0.0235735366016,0.00142806850915
9159,0.982936041983,0.0165619502808,0.000502007735897
13478,0.955942741672,0.0435752947549,0.000481963573609
14729,0.488475557515,0.355256165293,0.156268277192
10918,0.183112135099,0.799497648254,0.0173902166478
11611,0.942932417407,0.0563128940664,0.000754688527074
17819,0.190379378282,0.723744181373,0.0858764403457
17274,0.27656474414,0.462658475983,0.260776779876
253,0.625279566699,0.354317222937,0.0204032103642
10504,0.368712133701,0.630046049388,0.00124181691122
13012,0.164410967796,0.459841891283,0.375747140921
15828,0.87814570464,0.120696578811,0.00115771654907
18056,0.665122760243,0.259172819918,0.0757044198393
11009,0.474457087089,0.490336408128,0.0352065047832
13653,0.961829672403,0.0374646181458,0.000705709451543
8329,0.914084891723,0.08514447756,0.000770630716785
156,0.262433897705,0.728680000495,0.00888610180033
18014,0.437519643953,0.146350358574,0.416129997473
2014,0.801437933681,0.197201233497,0.00136083282273
1122,0.956002185265,0.0421892945764,0.00180852015819
17329,0.155813664263,0.205460556533,0.638725779204
2877,0.861858315098,0.13594000002,0.00220168488115
10125,0.986539222187,0.0129729802772,0.000487797535362
5972,0.937060001581,0.0621725096032,0.000767488815969
4957,0.185981524136,0.747618682288,0.0663997935755
8501,0.970488648641,0.0285351271537,0.000976224205095
18417,0.537792738587,0.460696324539,0.0015109368739
4012,0.454448969615,0.540530010078,0.0050210203072
13575,0.78342646712,0.215355930917,0.00121760196282
